1																	
64	0																
0	1280	204.753647	-81.971596	-0.29552	-0.213142	0.931256	0	0.974794	0.223106	0.2	0.01	0.3	1	0.8	100	1.552	4.712389
40	1280	204.753647	-81.971596	-0.29552	-0.213142	0.931256	0	0.974794	0.223106	0.2	0.01	0.3	1	0.8	100	1.552	4.712389
80	1280	204.753647	-81.971596	-0.29552	-0.213142	0.931256	0	0.974794	0.223106	0.2	0.01	0.3	1	0.8	100	1.485	4.712389
120	1217.943359	159.994064	113.592216	-0.29552	-0.213142	0.931256	0	0.974794	0.223106	0.2	0.01	0.3	1	0.8	100	1.445133	4.712389
160	1178.081665	134.3116	239.911377	-0.294796	-0.14444	0.94458	0.020669	0.987315	0.157425	0.2	0.01	0.3	1	0.8	100	1.350885	4.712389
200	1129.439697	110.47905	395.76709	-0.294796	-0.14444	0.94458	0.020669	0.987315	0.157425	0.2	0.01	0.3	1	0.8	100	1.193805	4.712389
240	1082.271729	87.368698	546.899902	-0.294796	-0.14444	0.94458	0.020669	0.987315	0.157425	0.2	0.01	0.3	1	0.8	100	0.768	4.67
280	1041.943115	72.927513	642.764954	-0.478716	-0.128462	0.868521	-0.097652	0.990891	0.092737	0.2	0.01	0.3	1	0.8	100	0.658	4.42
320	984.219299	60.74155	747.218018	-0.484373	-0.058842	0.87288	-0.06393	0.997449	0.031763	0.2	0.01	0.3	1	0.8	100	0.345	3.08
360	911.42572	83.373215	884.472717	-0.486759	-0.013912	0.873426	0.106146	0.991522	0.074948	0.2	0.01	0.3	1	0.8	100	0.314159	1.88
400	867.617737	86.300003	963.080994	-0.031361	-0.071998	0.996912	0.253474	0.964224	0.077611	0.2	0.01	0.3	1	0.8	100	0.314159	1.67
440	866.24292	82.782082	1088.071777	0.242603	-0.061717	0.96816	0.255169	0.966894	-0.002305	0.2	0.01	0.3	1	0.8	100	0.376991	1.570796
480	1041.203247	62.781227	1276.165405	0.880163	-0.010497	0.474555	0.068977	0.991972	-0.105991	0.2	0.01	0.3	1	0.8	100	0.449	1.570796
520	1287.580444	60.163574	1383.706909	0.952958	-0.008692	0.302977	-0.0334	0.99049	0.133469	0.2	0.01	0.3	1	0.8	100	0.471239	1.570796
560	1440.053101	58.772827	1432.183472	0.952958	-0.008692	0.302977	-0.0334	0.99049	0.133469	0.2	0.01	0.3	1	0.8	100	0.471239	1.570796
600	1598.792358	52.144367	1521.098267	0.732542	-0.03661	0.679736	-0.055398	0.992035	0.11313	0.2	0.01	0.3	1	0.8	100	0.471239	1.570796
640	1683.034912	47.934258	1599.267944	0.723352	0.062611	0.687635	-0.128253	0.990733	0.044705	0.2	0.01	0.3	1	0.8	100	0.471239	1.570796
680	1795.156372	57.639023	1705.853149	0.722034	0.072516	0.688047	-0.13548	0.990058	0.037826	0.2	0.01	0.3	1	0.8	100	0.471239	1.570796
720	1867.360962	64.89061	1774.65686	0.672134	0.296317	0.678551	-0.29652	0.947454	-0.120029	0.2	0.01	0.3	1	0.8	100	0.471239	1.570796
760	1954.739624	103.411758	1862.867065	0.672134	0.296317	0.678551	-0.29652	0.947454	-0.120029	0.2	0.01	0.3	1	0.8	100	0.471239	1.570796
800	2042.513916	152.889038	1953.269775	0.717645	0.102181	0.688872	-0.157077	0.987437	0.017171	0.2	0.01	0.3	1	0.8	100	0.471239	1.570796
840	2092.174072	156.803833	2015.869385	0.546191	0.011548	0.837581	-0.320048	0.926921	0.195926	0.2	0.01	0.3	1	0.8	100	0.471239	1.570796
880	2153.943604	151.599548	2141.397705	0.368461	-0.06874	0.927098	-0.320048	0.926921	0.195926	0.2	0.01	0.3	1	0.8	100	0.471239	1.570796
920	2122	99.383514	2299.248047	-0.423796	0.158572	0.891769	-0.141943	0.960764	-0.238295	0.2	0.01	0.3	1	0.8	100	0.471239	1.570796
960	2067.56665	111.276443	2360	-0.998474	-0.01489	0.053184	-0.027554	0.968872	-0.246023	0.2	0.01	0.3	1	0.8	100	0.471239	1.570796
1000	1779	115.800003	2349	-0.848471	-0.152795	-0.506706	-0.027554	0.968872	-0.246023	0.2	0.02	0.3	1	0.8	100	0.471239	1.570796
1040	1523.098999	90.26152	2164.552002	-0.756961	0.079102	-0.648654	0.172856	0.981526	-0.082023	0.2	0.228	0.3	1	0.8	94	0.471239	1.570796
1080	1376.372925	117.637283	2018.561523	-0.591008	0.142272	-0.79402	0.251239	0.96783	-0.013588	0.214	0.25	0.3	1	0.8	64.5	0.471239	1.570796
1120	1342.832397	146.023361	1966.565186	-0.512419	0.372777	-0.773605	0.387088	0.904419	0.179412	0.238	0.25	0.3	1	0.8	63	0.471239	1.570796
1160	1296.08728	185.959106	1893.969482	-0.597103	0.118034	-0.793433	0.236386	0.971084	-0.033432	0.25	0.283	0.3	1	0.8	64.199997	0.471239	1.570796
1200	1209.508545	203.07431	1778.921753	-0.597103	0.118034	-0.793433	0.236386	0.971084	-0.033432	0.25	0.482	0.3	1	0.8	67.099998	0.471239	1.570796
1240	1090.0896	226.681473	1620.235229	-0.633262	-0.086991	-0.769033	0.106721	0.974355	-0.198097	0.25	0.517	0.3	1	0.8	68	0.471239	1.570796
1280	887.446289	198.844559	1374.141479	-0.633262	-0.086991	-0.769033	0.106721	0.974355	-0.198097	0.25	0.52	0.3	1	0.8	68	0.471239	1.570796
1320	808.940063	168.413651	1182.167969	-0.216977	-0.196764	-0.956141	0.106721	0.974355	-0.198097	0.25	0.544	0.3	1	0.8	68	0.471239	1.570796
1360	835.701111	114.488945	931.348816	0.395295	-0.185171	-0.899696	0.090986	0.982546	-0.162248	0.25	0.781	0.3	1	0.8	68	0.471239	1.570796
1400	940.74585	68.207481	692.393311	0.401873	-0.096112	-0.910637	0.055089	0.995213	-0.080728	0.25	0.81	0.3	1	0.8	68	0.471239	1.570796
1440	1027.147461	47.543388	496.607239	-0.39871	-0.052198	-0.91559	0.055089	0.995213	-0.080728	0.25	0.81	0.3	1	0.8	68	0.471239	1.570796
1480	934.780579	46.298515	359.770081	-0.776968	0.065168	-0.626158	0.100258	0.994742	-0.020879	0.25	0.81	0.3	1	0.8	67.400002	0.471239	1.570796
1520	854.216919	60.948143	294.043823	-0.88131	0.206645	-0.424959	0.200134	0.977901	0.060469	0.25	0.81	0.3	1	0.8	53.400002	0.471239	1.570796
1560	726.426819	90.91169	232.425018	-0.897747	0.342091	-0.277531	0.321156	0.939497	0.119177	0.25	0.81	0.3	1	0.8	52	0.471239	1.570796
1600	632.16394	126.831284	203.284378	-0.928333	0.337195	-0.156514	0.277557	0.908777	0.311588	0.25	0.797	0.3	1	0.8	52	0.492	1.570796
1640	600	130.699997	203.284378	-0.939917	0.341403	0	0.277557	0.908777	0.311588	0.25	0.728	0.3	1	0.8	50.700001	0.503	1.570796
1680	589	163.922714	186.068008	-0.923386	0.162832	0.347625	0.277557	0.908777	0.311588	0.271	0.655	0.3	1	0.8	43	0.54	1.62
1720	618	185.905121	232.997482	-0.784939	0.170468	0.595661	0.388452	0.89497	0.219393	0.318	0.523	0.3	1	0.8	20	0.6	1.7
1760	681	185.905121	281	-0.665731	-0.045769	0.744787	0.376438	0.922733	0.082817	0.454	0.352	0.3	1	0.8	19	0.694	1.82
1833	800	157	427.688934	-0.601352	-0.058066	0.796872	0.292292	0.954469	-0.059614	0.651	0.21	0.3	1	0.8	20.299999	0.779	2
1870	921	107	561	-0.537528	0.056844	0.841328	0.023236	0.994101	-0.105935	0.877	0.073	0.34	1	0.81	29.299999	0.845	2.3
1920	1035	68	620	-0.530769	0.07207	0.844447	-0.008627	0.99445	-0.104859	0.89	0.02	0.34	1	0.81	32.700001	0.893	2.38761
1960	1081	55	636.724426	-0.530256	0.084358	0.843631	-0.008627	0.99445	-0.104859	0.883	0.01	0.34	1	0.81	35.799999	0.915	2.38761
2000	1102.991699	36.400002	636.724426	-0.530256	0.084358	0.843631	-0.008627	0.99445	-0.104859	0.678	0.01	0.34	1	0.81	37	0.96	2.38761
2060	1102.991699	35.465332	636.724426	-0.530256	0.084358	0.843631	-0.008627	0.99445	-0.104859	0.64	0.01	0.34	1	0.81	38	1.003	2.38761
2120	1102.991699	35.465332	636.724426	-0.530256	0.084358	0.843631	-0.008627	0.99445	-0.104859	0.614	0.01	0.34	1	0.81	38	1.051	2.38761
2180	1105.984863	34.989159	631.962341	-0.530256	0.084358	0.843631	-0.008627	0.99445	-0.104859	0.53	0.01	0.34	1	0.81	38	1.098	2.38761
2240	1105.984863	34.989159	631.962341	-0.530256	0.084358	0.843631	-0.008627	0.99445	-0.104859	0.39	0.01	0.34	1	0.81	38	1.139	2.38761
2300	1105.984863	34.989159	631.962341	-0.530256	0.084358	0.843631	-0.008627	0.99445	-0.104859	0.261	0.01	0.34	1	0.81	38	1.212	2.38761
2360	1105.984863	34.989159	631.962341	-0.530256	0.084358	0.843631	-0.008627	0.99445	-0.104859	0.24	0.02	0.34	1	0.81	37.700001	1.293	2.38761
2420	1105.984863	34.989159	631.962341	-0.530256	0.084358	0.843631	-0.008627	0.99445	-0.104859	0.23	0.07	0.34	1	0.81	38.900002	1.382301	2.38761
2480	1105.984863	34.989159	631.962341	-0.530256	0.084358	0.843631	-0.008627	0.99445	-0.104859	0.23	0.109	0.34	1	0.81	41.799999	1.429425	2.38761
2540	1105.984863	34.989159	631.962341	-0.530256	0.084358	0.843631	-0.008627	0.99445	-0.104859	0.23	0.12	0.34	1	0.81	44.900002	1.476549	2.38761
2600	1105.984863	34.989159	631.962341	-0.530256	0.084358	0.843631	-0.008627	0.99445	-0.104859	0.23	0.12	0.34	1	0.81	45.599998	1.492257	2.38761
2680	1105.984863	34.989159	631.962341	-0.530256	0.084358	0.843631	-0.008627	0.99445	-0.104859	0.23	0.12	0.34	1	0.81	46.799999	1.507964	2.38761
2760	1105.984863	34.989159	631.962341	-0.530256	0.084358	0.843631	-0.008627	0.99445	-0.104859	0.23	0.12	0.34	1	0.81	47	1.507964	2.38761
2840	1105.984863	34.989159	631.962341	-0.530256	0.084358	0.843631	-0.008627	0.99445	-0.104859	0.23	0.12	0.34	1	0.81	47	1.507964	2.38761
2940	1105.984863	34.989159	631.962341	-0.530256	0.084358	0.843631	-0.008627	0.99445	-0.104859	0.23	0.12	0.34	1	0.81	47	1.507964	2.38761
