256
0.111629 0.722927 -0.681847
-0.993475 -0.010297 -0.113585
-0.603993 -0.455259 0.654165
-0.245481 -0.520549 -0.817782
0.613821 -0.453337 -0.646305
-0.708322 -0.199544 0.677098
-0.146476 -0.230356 0.962019
0.758837 0.000954 0.651280
0.504745 -0.338165 -0.794277
-0.769096 0.042229 0.637737
-0.209000 -0.943099 0.258619
-0.320158 0.167132 0.932505
-0.220168 0.278876 -0.934748
0.877803 0.060892 0.475136
0.165559 -0.625413 -0.762528
-0.203024 -0.960594 -0.189842
-0.820575 0.263621 0.507111
-0.826931 0.535635 0.171115
0.524340 0.850304 -0.045282
0.394813 -0.813621 0.426782
0.409705 0.362069 -0.837286
0.849878 0.287215 0.441831
-0.611926 -0.007827 0.790876
-0.594035 -0.356857 -0.720955
0.856690 0.294633 -0.423407
0.846897 -0.187502 0.497602
-0.427035 -0.744046 -0.513846
0.616058 -0.150147 -0.773258
0.385844 -0.579627 0.717744
0.541435 0.560293 -0.626834
0.055677 -0.800532 0.596698
-0.932635 0.021311 -0.360192
0.621793 -0.700506 -0.350235
-0.408598 -0.341556 -0.846396
0.302153 0.613542 0.729568
-0.719697 0.689791 0.078893
0.314278 0.946558 -0.072513
0.754929 0.210105 -0.621240
0.829898 0.469163 -0.301918
0.992422 -0.006366 0.122710
0.194974 -0.880153 -0.432799
-0.199330 -0.785020 0.586525
-0.425613 -0.854187 -0.298694
0.090253 -0.788811 -0.607974
-0.955461 0.200989 -0.216096
0.423537 0.865749 -0.266636
0.278444 -0.217224 0.935566
0.212482 -0.458188 0.863085
0.435048 -0.046953 0.899182
-0.530791 0.847312 0.018001
-0.145925 0.301857 0.942119
-0.758551 -0.408144 -0.507956
-0.238424 0.892641 0.382553
0.616562 0.750809 -0.236932
-0.252311 0.909071 -0.331555
-0.410265 0.323481 -0.852668
0.638276 0.650744 0.411262
0.313061 -0.727187 -0.610894
-0.205094 0.064361 -0.976624
0.912140 -0.409680 0.012777
0.551565 -0.208541 0.807642
-0.451025 -0.544813 -0.706934
-0.946936 -0.180877 -0.265700
0.410559 -0.811165 -0.416476
-0.972220 0.087544 0.217083
-0.923131 0.380596 0.054557
0.245834 0.136994 -0.959582
0.154153 -0.642102 0.750961
0.000047 0.951219 0.308517
0.089607 0.576966 0.811838
-0.328394 -0.140737 -0.933997
0.240536 -0.442958 -0.863673
-0.446896 0.541624 -0.711989
-0.417146 0.073090 -0.905896
-0.192557 -0.008181 0.981252
0.738720 -0.279065 -0.613526
0.606343 0.766348 0.212269
0.804488 -0.593538 -0.022632
0.874370 -0.155897 -0.459536
-0.438980 -0.876812 0.196207
-0.064940 -0.657288 -0.750836
-0.146451 0.516454 0.843699
-0.201482 0.965179 0.166834
0.696832 0.717084 0.014670
0.291162 -0.747612 0.596909
-0.349390 0.590059 0.727844
0.124533 0.871355 0.474587
-0.245860 -0.881801 -0.402467
-0.290388 -0.621750 0.727394
-0.253690 0.505522 -0.824675
0.419199 0.196804 0.886307
-0.422940 -0.034430 0.905503
0.504228 0.731488 -0.458999
0.581669 0.272462 0.766437
0.778271 0.597926 0.191779
-0.743680 0.236489 -0.625310
-0.532104 0.427359 0.730910
-0.809525 0.579056 -0.096765
-0.685444 0.455718 0.567880
-0.925284 -0.354895 0.133785
-0.051383 0.456557 -0.888209
0.350679 0.545096 -0.761509
-0.878280 -0.334032 0.342122
0.950706 0.141984 -0.275679
0.716658 -0.566832 0.406328
-0.230489 -0.437382 0.869236
-0.328099 -0.842893 0.426476
-0.593170 0.382658 -0.708323
-0.091454 -0.148493 -0.984676
0.068099 0.852745 -0.517869
0.200410 0.971797 0.124286
0.036440 -0.981333 -0.188830
-0.354780 -0.241738 0.903158
-0.070986 -0.997273 0.020190
0.484652 0.462863 0.742207
0.735039 -0.406616 0.542569
0.301690 0.416705 0.857520
0.505183 0.632376 0.587274
0.994267 0.065166 -0.084776
-0.761359 -0.373931 0.529630
0.000321 -0.477663 -0.878543
0.195767 0.353999 -0.914527
-0.990158 -0.108843 0.087984
0.402648 -0.544176 -0.736035
-0.534745 -0.136317 -0.833946
0.764068 -0.039997 -0.643894
0.930015 0.334513 -0.152228
-0.868302 -0.386972 -0.310329
0.591665 -0.728922 0.344391
0.082572 0.989809 -0.116021
-0.437315 -0.461226 0.772027
-0.847247 -0.142169 0.511821
-0.600863 0.762696 0.239287
-0.944312 -0.128360 0.302982
0.895662 0.388715 0.216082
0.267507 0.908523 0.320977
-0.577169 0.168868 -0.798974
0.132619 0.553057 -0.822520
0.041346 -0.079292 0.995994
0.458261 0.799452 0.388424
-0.090135 0.841916 0.532028
0.865500 -0.361397 0.346845
0.743603 0.231743 0.627176
0.086314 -0.280762 -0.955889
0.679833 0.608905 -0.408732
-0.444980 -0.675535 0.587916
0.628361 0.098258 -0.771692
0.153278 -0.988089 0.013628
0.029290 0.034115 -0.998989
0.824913 -0.526302 0.206216
-0.775335 -0.534102 0.337032
0.359157 -0.933094 -0.018489
-0.036978 0.939959 -0.339278
-0.960006 -0.271778 -0.067266
-0.676187 0.627737 0.385640
0.949205 0.161608 0.269986
-0.123289 0.691198 0.712071
0.958755 -0.105205 -0.264047
-0.463947 0.777558 0.424449
-0.072303 -0.665196 0.743160
0.476869 -0.852800 -0.212905
0.522322 -0.648415 -0.553838
-0.593212 -0.803698 0.046568
-0.984717 0.173403 0.016218
0.205804 0.230535 0.951051
-0.610473 -0.767884 -0.194107
-0.677931 -0.002667 -0.735121
0.804839 -0.541848 -0.242149
-0.123821 -0.812852 -0.569157
-0.809995 0.453446 0.371880
0.673525 -0.725767 -0.140090
-0.149628 0.980107 -0.130392
-0.088929 0.663525 -0.742850
0.595473 0.346255 -0.724927
0.060364 0.393713 0.917249
0.413858 -0.371685 0.831007
0.692222 -0.706273 0.148344
-0.896613 0.076886 0.436090
0.172965 -0.891160 0.419424
0.099588 0.741401 0.663631
0.842447 -0.358394 -0.402290
0.025219 -0.972601 0.231108
-0.918111 0.289663 0.270494
-0.179744 -0.338065 -0.923799
0.257034 -0.938668 -0.229861
0.777872 0.609640 -0.152496
-0.615042 -0.547933 -0.567003
0.920048 -0.337740 -0.198601
0.534037 -0.638928 0.553693
-0.549536 0.637873 -0.539563
-0.286293 -0.694078 -0.660524
0.450178 0.157953 -0.878858
-0.760018 -0.575834 -0.301310
-0.024878 -0.488991 0.871934
0.237717 0.015254 0.971215
-0.007804 0.140137 0.990101
0.777637 0.486934 0.397713
-0.724983 -0.208968 -0.656302
-0.407587 0.886725 0.218153
0.255895 -0.941589 0.218926
0.667344 0.451330 0.592413
-0.828394 0.418990 -0.371767
0.317427 0.767295 0.557224
-0.900679 0.401933 -0.165008
-0.873434 -0.476989 -0.097955
-0.649182 0.747016 -0.143279
-0.350102 0.390306 0.851522
-0.524560 -0.764562 0.374542
-0.518727 0.200325 0.831139
0.950376 -0.261479 0.168567
0.872914 0.487809 0.007929
-0.555440 0.754059 -0.350545
-0.278081 -0.959403 0.047087
0.577798 -0.447657 0.682461
-0.527349 0.622296 0.578490
-0.068008 -0.899640 0.431304
0.289533 0.838022 -0.462482
-0.698544 0.473378 -0.536609
-0.632275 -0.601815 0.487900
-0.012912 0.996686 0.080316
0.706742 -0.217613 0.673172
0.558288 -0.829471 0.017111
-0.671887 -0.707161 0.220206
-0.327793 0.944509 -0.021333
0.458600 -0.863335 0.210567
-0.682114 0.241719 0.690139
0.967231 0.248734 0.050953
-0.432625 0.877290 -0.207840
0.339647 -0.255063 -0.905308
-0.142426 0.822907 -0.550036
-0.019158 -0.922843 -0.384701
0.193950 0.936462 -0.292270
0.983588 -0.174416 -0.046197
-0.295342 0.692502 -0.658189
0.942562 -0.094866 0.320277
-0.822901 0.018646 -0.567879
0.004228 0.247767 -0.968810
-0.429619 -0.899168 -0.083209
-0.725681 0.606589 -0.324711
0.426803 0.891773 0.150269
-0.821167 -0.558089 0.119251
0.715947 -0.524564 -0.460709
0.335200 0.704689 -0.625344
-0.545758 -0.249402 0.799967
-0.867261 0.224710 -0.444257
-0.605433 -0.685885 -0.403748
-0.856879 -0.194968 -0.477227
0.213529 -0.086701 -0.973082
0.879167 0.065158 -0.472037
0.067356 -0.298948 0.951889
0.606698 0.043132 0.793761
-0.372909 0.795898 -0.476954
0.715377 0.436123 -0.545923
0.447741 -0.058150 -0.892271
-0.746959 -0.661767 -0.064154
-0.307534 0.756239 0.577517
